  -1.0000000000000000           2.0000000000000000           2.0000000000000000     
 -0.97979797979797978           2.0000000000000000           2.0000000000000000     
 -0.95959595959595956           2.0000000000000000           2.0000000000000000     
 -0.93939393939393934           2.0000000000000000           2.0000000000000000     
 -0.91919191919191912           2.0000000000000000           2.0000000000000000     
 -0.89898989898989889           2.0000000000000000           2.0000000000000000     
 -0.87878787878787867           2.0000000000000000           2.0000000000000000     
 -0.85858585858585845           2.0000000000000000           2.0000000000000000     
 -0.83838383838383823           2.0000000000000000           2.0000000000000000     
 -0.81818181818181801           2.0000000000000000           2.0000000000000000     
 -0.79797979797979779           2.0000000000000000           2.0000000000000000     
 -0.77777777777777757           2.0000000000000000           2.0000000000000000     
 -0.75757575757575735           2.0000000000000000           2.0000000000000000     
 -0.73737373737373713           2.0000000000000000           2.0000000000000000     
 -0.71717171717171690           2.0000000000000000           2.0000000000000000     
 -0.69696969696969668           2.0000000000000000           2.0000000000000000     
 -0.67676767676767646           2.0000000000000000           2.0000000000000000     
 -0.65656565656565624           2.0000000000000000           2.0000000000000000     
 -0.63636363636363602           2.0000000000000000           2.0000000000000000     
 -0.61616161616161580           2.0000000000000000           2.0000000000000000     
 -0.59595959595959558           2.0000000000000000           2.0000000000000000     
 -0.57575757575757536           2.0000000000000000           2.0000000000000000     
 -0.55555555555555514           2.0000000000000000           2.0000000000000000     
 -0.53535353535353492           2.0000000000000000           2.0000000000000000     
 -0.51515151515151469           2.0000000000000000           2.0000000000000000     
 -0.49494949494949447           2.0000000000000000           2.0000000000000000     
 -0.47474747474747425           2.0000000000000000           2.0000000000000000     
 -0.45454545454545403           2.0000000000000000           2.0000000000000000     
 -0.43434343434343381           2.0000000000000000           2.0000000000000000     
 -0.41414141414141359           2.0000000000000000           2.0000000000000000     
 -0.39393939393939337           2.0000000000000000           2.0000000000000000     
 -0.37373737373737315           2.0000000000000000           2.0000000000000000     
 -0.35353535353535293           2.0000000000000004           2.0000000000000000     
 -0.33333333333333270           2.0000000000000036           2.0000000000000000     
 -0.31313131313131248           2.0000000000000253           2.0000000000000000     
 -0.29292929292929226           2.0000000000001896           2.0000000000000000     
 -0.27272727272727204           2.0000000000014309           2.0000000000000000     
 -0.25252525252525182           2.0000000000107887           2.0000000000000000     
 -0.23232323232323163           2.0000000000813447           2.0000000000000000     
 -0.21212121212121143           2.0000000006133281           2.0000000000000000     
 -0.19191919191919124           2.0000000046244000           2.0000000000000000     
 -0.17171717171717105           2.0000000348672722           2.0000000000000000     
 -0.15151515151515085           2.0000002628938720           2.0000000000000000     
 -0.13131313131313066           2.0000019821764230           2.0000000000000000     
 -0.11111111111111045           2.0000149451151650           2.0000000000000000     
  -9.0909090909090245E-002      2.0001126728838985           2.0000000000000000     
  -7.0707070707070038E-002      2.0008489108847503           2.0000000000000000     
  -5.0505050505049831E-002      2.0063653203653211           2.0000000000000000     
  -3.0303030303029627E-002      2.0460755062493226           2.0000000000000000     
  -1.0101010101009424E-002      2.2669600833870458           2.0000000000000000     
   1.0101010101010780E-002      2.7330399166129804           3.0000000000000000     
   3.0303030303030984E-002      2.9539244937506837           3.0000000000000000     
   5.0505050505051191E-002      2.9936346796346798           3.0000000000000000     
   7.0707070707071398E-002      2.9991510891152497           3.0000000000000000     
   9.0909090909091606E-002      2.9998873271161015           3.0000000000000000     
  0.11111111111111181           2.9999850548848350           3.0000000000000000     
  0.13131313131313202           2.9999980178235770           3.0000000000000000     
  0.15151515151515221           2.9999997371061280           3.0000000000000000     
  0.17171717171717241           2.9999999651327278           3.0000000000000000     
  0.19191919191919260           2.9999999953756000           3.0000000000000000     
  0.21212121212121279           2.9999999993866719           3.0000000000000000     
  0.23232323232323299           2.9999999999186553           3.0000000000000000     
  0.25252525252525321           2.9999999999892113           3.0000000000000000     
  0.27272727272727343           2.9999999999985691           3.0000000000000000     
  0.29292929292929365           2.9999999999998104           3.0000000000000000     
  0.31313131313131387           2.9999999999999747           3.0000000000000000     
  0.33333333333333409           2.9999999999999964           3.0000000000000000     
  0.35353535353535431           2.9999999999999996           3.0000000000000000     
  0.37373737373737453           3.0000000000000000           3.0000000000000000     
  0.39393939393939476           3.0000000000000000           3.0000000000000000     
  0.41414141414141498           3.0000000000000000           3.0000000000000000     
  0.43434343434343520           3.0000000000000000           3.0000000000000000     
  0.45454545454545542           3.0000000000000000           3.0000000000000000     
  0.47474747474747564           3.0000000000000000           3.0000000000000000     
  0.49494949494949586           3.0000000000000000           3.0000000000000000     
  0.51515151515151603           3.0000000000000000           3.0000000000000000     
  0.53535353535353625           3.0000000000000000           3.0000000000000000     
  0.55555555555555647           3.0000000000000000           3.0000000000000000     
  0.57575757575757669           3.0000000000000000           3.0000000000000000     
  0.59595959595959691           3.0000000000000000           3.0000000000000000     
  0.61616161616161713           3.0000000000000000           3.0000000000000000     
  0.63636363636363735           3.0000000000000000           3.0000000000000000     
  0.65656565656565757           3.0000000000000000           3.0000000000000000     
  0.67676767676767779           3.0000000000000000           3.0000000000000000     
  0.69696969696969802           3.0000000000000000           3.0000000000000000     
  0.71717171717171824           3.0000000000000000           3.0000000000000000     
  0.73737373737373846           3.0000000000000000           3.0000000000000000     
  0.75757575757575868           3.0000000000000000           3.0000000000000000     
  0.77777777777777890           3.0000000000000000           3.0000000000000000     
  0.79797979797979912           3.0000000000000000           3.0000000000000000     
  0.81818181818181934           3.0000000000000000           3.0000000000000000     
  0.83838383838383956           3.0000000000000000           3.0000000000000000     
  0.85858585858585978           3.0000000000000000           3.0000000000000000     
  0.87878787878788001           3.0000000000000000           3.0000000000000000     
  0.89898989898990023           3.0000000000000000           3.0000000000000000     
  0.91919191919192045           3.0000000000000000           3.0000000000000000     
  0.93939393939394067           3.0000000000000000           3.0000000000000000     
  0.95959595959596089           3.0000000000000000           3.0000000000000000     
  0.97979797979798111           3.0000000000000000           3.0000000000000000     
   1.0000000000000013           3.0000000000000000           3.0000000000000000     
